[
  [
    [
      1050,
      3100,
      1287,
      1337,
      779,
      3598
    ],
    [
      3124,
      1106,
      3004,
      2751,
      3327,
      2034
    ]
  ],
  [
    [
      1050,
      3101,
      1286,
      1335,
      781,
      3598
    ],
    [
      3118,
      1105,
      3004,
      2751,
      3346,
      2034
    ]
  ],
  [
    [
      1050,
      3101,
      1286,
      1333,
      792,
      3598
    ],
    [
      3106,
      1103,
      3004,
      2757,
      3347,
      2034
    ]
  ],
  [
    [
      1050,
      3102,
      1286,
      1335,
      808,
      3598
    ],
    [
      3106,
      1103,
      3004,
      2760,
      3277,
      2034
    ]
  ],
  [
    [
      1048,
      3108,
      1286,
      1343,
      832,
      3598
    ],
    [
      3107,
      1104,
      3004,
      2768,
      3273,
      2034
    ]
  ],
  [
    [
      1047,
      3104,
      1286,
      1356,
      833,
      3598
    ],
    [
      3110,
      1107,
      3003,
      2768,
      3262,
      2034
    ]
  ],
  [
    [
      1047,
      3101,
      1287,
      1356,
      834,
      3598
    ],
    [
      3113,
      1126,
      3003,
      2757,
      3254,
      2034
    ]
  ],
  [
    [
      1047,
      3112,
      1395,
      1490,
      835,
      3598
    ],
    [
      3113,
      1187,
      3003,
      2732,
      3248,
      2034
    ]
  ],
  [
    [
      1047,
      3114,
      1475,
      1601,
      833,
      3598
    ],
    [
      3114,
      1230,
      3003,
      2681,
      3248,
      2034
    ]
  ],
  [
    [
      1046,
      3114,
      1558,
      1669,
      829,
      3598
    ],
    [
      3126,
      1318,
      3003,
      2563,
      3253,
      2034
    ]
  ],
  [
    [
      1041,
      3114,
      1642,
      1738,
      833,
      3598
    ],
    [
      3145,
      1380,
      3003,
      2481,
      3263,
      2034
    ]
  ],
  [
    [
      1031,
      3114,
      1712,
      1778,
      845,
      3598
    ],
    [
      3146,
      1414,
      3003,
      2440,
      3263,
      2034
    ]
  ],
  [
    [
      1025,
      3114,
      1728,
      1783,
      852,
      3598
    ],
    [
      3146,
      1450,
      3003,
      2394,
      3256,
      2034
    ]
  ],
  [
    [
      1023,
      3114,
      1746,
      1797,
      858,
      3598
    ],
    [
      3147,
      1481,
      3003,
      2359,
      3258,
      2034
    ]
  ],
  [
    [
      1017,
      3114,
      1791,
      1845,
      861,
      3598
    ],
    [
      3158,
      1528,
      3003,
      2308,
      3270,
      2034
    ]
  ],
  [
    [
      1015,
      3103,
      1840,
      1900,
      868,
      3598
    ],
    [
      3163,
      1608,
      3003,
      2214,
      3280,
      2034
    ]
  ],
  [
    [
      1013,
      3101,
      1968,
      2055,
      868,
      3598
    ],
    [
      3163,
      1675,
      3003,
      2133,
      3289,
      2034
    ]
  ],
  [
    [
      1004,
      3100,
      2075,
      2171,
      867,
      3598
    ],
    [
      3169,
      1744,
      3003,
      2037,
      3304,
      2034
    ]
  ],
  [
    [
      998,
      3081,
      2190,
      2329,
      863,
      3598
    ],
    [
      3170,
      1785,
      3003,
      1991,
      3312,
      2036
    ]
  ],
  [
    [
      993,
      3008,
      2218,
      2449,
      855,
      3598
    ],
    [
      3179,
      1837,
      3003,
      1993,
      3302,
      2112
    ]
  ],
  [
    [
      990,
      2878,
      2219,
      2598,
      854,
      3598
    ],
    [
      3179,
      1955,
      3003,
      1918,
      3265,
      2131
    ]
  ],
  [
    [
      990,
      2790,
      2220,
      2688,
      854,
      3598
    ],
    [
      3179,
      2112,
      3003,
      1741,
      3266,
      2132
    ]
  ],
  [
    [
      990,
      2740,
      2217,
      2741,
      854,
      3598
    ],
    [
      3179,
      2158,
      3003,
      1685,
      3266,
      2132
    ]
  ],
  [
    [
      990,
      2650,
      2220,
      2848,
      853,
      3598
    ],
    [
      3179,
      2229,
      3003,
      1600,
      3266,
      2132
    ]
  ],
  [
    [
      989,
      2549,
      2220,
      2972,
      853,
      3598
    ],
    [
      3179,
      2328,
      3003,
      1488,
      3264,
      2132
    ]
  ],
  [
    [
      989,
      2512,
      2220,
      3023,
      854,
      3598
    ],
    [
      3179,
      2362,
      3003,
      1458,
      3263,
      2132
    ]
  ],
  [
    [
      989,
      2511,
      2221,
      3027,
      854,
      3598
    ],
    [
      3179,
      2358,
      3003,
      1461,
      3263,
      2132
    ]
  ],
  [
    [
      989,
      2535,
      2212,
      2978,
      852,
      3598
    ],
    [
      3180,
      2308,
      3003,
      1524,
      3267,
      2132
    ]
  ],
  [
    [
      989,
      2535,
      2212,
      2961,
      851,
      3598
    ],
    [
      3180,
      2191,
      3003,
      1618,
      3274,
      2132
    ]
  ],
  [
    [
      989,
      2537,
      2212,
      2908,
      851,
      3598
    ],
    [
      3180,
      2084,
      3003,
      1704,
      3276,
      2132
    ]
  ],
  [
    [
      989,
      2538,
      2211,
      2843,
      830,
      3598
    ],
    [
      3171,
      1899,
      3003,
      1869,
      3273,
      2132
    ]
  ],
  [
    [
      989,
      2553,
      2211,
      2804,
      822,
      3598
    ],
    [
      3170,
      1824,
      3003,
      1979,
      3289,
      2133
    ]
  ],
  [
    [
      989,
      2637,
      2211,
      2725,
      815,
      3598
    ],
    [
      3170,
      1807,
      3003,
      2037,
      3293,
      2135
    ]
  ],
  [
    [
      989,
      2747,
      2211,
      2624,
      814,
      3598
    ],
    [
      3170,
      1785,
      3003,
      2094,
      3277,
      2135
    ]
  ],
  [
    [
      991,
      2899,
      2211,
      2485,
      820,
      3598
    ],
    [
      3154,
      1688,
      3003,
      2203,
      3241,
      2135
    ]
  ],
  [
    [
      991,
      2972,
      2211,
      2402,
      822,
      3598
    ],
    [
      3154,
      1646,
      3003,
      2252,
      3235,
      2135
    ]
  ],
  [
    [
      991,
      3069,
      2211,
      2303,
      826,
      3598
    ],
    [
      3135,
      1538,
      3003,
      2358,
      3212,
      2135
    ]
  ],
  [
    [
      991,
      3221,
      2211,
      2197,
      826,
      3598
    ],
    [
      3134,
      1427,
      3003,
      2486,
      3240,
      2135
    ]
  ],
  [
    [
      992,
      3292,
      2211,
      2180,
      745,
      3598
    ],
    [
      3140,
      1336,
      3003,
      2577,
      3373,
      2135
    ]
  ],
  [
    [
      993,
      3318,
      2211,
      2176,
      691,
      3598
    ],
    [
      3140,
      1313,
      3003,
      2591,
      3445,
      2135
    ]
  ],
  [
    [
      995,
      3363,
      2211,
      2177,
      603,
      3598
    ],
    [
      3135,
      1270,
      3003,
      2609,
      3558,
      2135
    ]
  ],
  [
    [
      1009,
      3418,
      2211,
      2191,
      512,
      3598
    ],
    [
      3106,
      1231,
      3003,
      2698,
      3631,
      2135
    ]
  ],
  [
    [
      1026,
      3421,
      2211,
      2260,
      558,
      3598
    ],
    [
      3106,
      1229,
      3003,
      2738,
      3622,
      2135
    ]
  ],
  [
    [
      1026,
      3442,
      2211,
      2241,
      564,
      3598
    ],
    [
      3113,
      1235,
      3003,
      2708,
      3631,
      2135
    ]
  ],
  [
    [
      1026,
      3442,
      2211,
      2221,
      560,
      3598
    ],
    [
      3113,
      1242,
      3003,
      2681,
      3638,
      2135
    ]
  ],
  [
    [
      1026,
      3457,
      2211,
      2232,
      580,
      3598
    ],
    [
      3114,
      1242,
      3003,
      2704,
      3505,
      2135
    ]
  ],
  [
    [
      1026,
      3463,
      2211,
      2218,
      583,
      3598
    ],
    [
      3114,
      1242,
      3003,
      2698,
      3537,
      2135
    ]
  ],
  [
    [
      1026,
      3464,
      2211,
      2196,
      575,
      3598
    ],
    [
      3128,
      1242,
      3003,
      2672,
      3538,
      2135
    ]
  ],
  [
    [
      1026,
      3464,
      2212,
      2188,
      556,
      3598
    ],
    [
      3131,
      1242,
      3003,
      2667,
      3542,
      2135
    ]
  ],
  [
    [
      1026,
      3464,
      2212,
      2188,
      556,
      3598
    ],
    [
      3131,
      1242,
      3003,
      2667,
      3546,
      2135
    ]
  ],
  [
    [
      1026,
      3464,
      2212,
      2186,
      556,
      3598
    ],
    [
      3131,
      1242,
      3003,
      2667,
      3548,
      2135
    ]
  ],
  [
    [
      1026,
      3464,
      2212,
      2185,
      553,
      3598
    ],
    [
      3131,
      1242,
      3003,
      2667,
      3550,
      2135
    ]
  ]
]